     1     2     0     0     0     0     0     0     1     1     1     1     0     1
     2     3     0     0     0     0     0     0     1     1     1     1     0     2
     3     4     0     0     0     0     0     0     1     1     1     1     0     3
     4     1     0     0     0     0     0     0     1     1     1     1     0     4
     5     6     0     0     0     0     0     0     1     1     1     1     0     5
     6     7     0     0     0     0     0     0     1     1     1     1     0     6
     7     8     0     0     0     0     0     0     1     1     1     1     0     7
     8     5     0     0     0     0     0     0     1     1     1     1     0     8
     9    10     0     0     0     0     0     0     1     1     1     1     0     9
    10    11     0     0     0     0     0     0     1     1     1     1     0    10
    11    12     0     0     0     0     0     0     1     1     1     1     0    11
    12     9     0     0     0     0     0     0     1     1     1     1     0    12
     1     5     0     0     0     0     0     0     1     1     1     1     0    13
     5     9     0     0     0     0     0     0     1     1     1     1     0    14
     2     6     0     0     0     0     0     0     1     1     1     1     0    15
     6    10     0     0     0     0     0     0     1     1     1     1     0    16
     3     7     0     0     0     0     0     0     1     1     1     1     0    17
     7    11     0     0     0     0     0     0     1     1     1     1     0    18
     4     8     0     0     0     0     0     0     1     1     1     1     0    19
     8    12     0     0     0     0     0     0     1     1     1     1     0    20
     1     6     0     0     0     0     0     0     1     1     1     1     0    21
     2     7     0     0     0     0     0     0     1     1     1     1     0    22
     3     8     0     0     0     0     0     0     1     1     1     1     0    23
     4     5     0     0     0     0     0     0     1     1     1     1     0    24
     6     9     0     0     0     0     0     0     1     1     1     1     0    25
     7    10     0     0     0     0     0     0     1     1     1     1     0    26
     8    11     0     0     0     0     0     0     1     1     1     1     0    27
     5    12     0     0     0     0     0     0     1     1     1     1     0    28
    13    14     0     0     0     0     0     0     1     1     1     1     0    29
    14    15     0     0     0     0     0     0     1     1     1     1     0    30
    15    16     0     0     0     0     0     0     1     1     1     1     0    31
    16    13     0     0     0     0     0     0     1     1     1     1     0    32
    17    18     0     0     0     0     0     0     1     1     1     1     0    33
    18    19     0     0     0     0     0     0     1     1     1     1     0    34
    19    20     0     0     0     0     0     0     1     1     1     1     0    35
    20    17     0     0     0     0     0     0     1     1     1     1     0    36
    21    22     0     0     0     0     0     0     1     1     1     1     0    37
    22    23     0     0     0     0     0     0     1     1     1     1     0    38
    23    24     0     0     0     0     0     0     1     1     1     1     0    39
    24    21     0     0     0     0     0     0     1     1     1     1     0    40
     9    13     0     0     0     0     0     0     1     1     1     1     0    41
    13    17     0     0     0     0     0     0     1     1     1     1     0    42
    10    14     0     0     0     0     0     0     1     1     1     1     0    43
    14    18     0     0     0     0     0     0     1     1     1     1     0    44
    11    15     0     0     0     0     0     0     1     1     1     1     0    45
    15    19     0     0     0     0     0     0     1     1     1     1     0    46
    12    16     0     0     0     0     0     0     1     1     1     1     0    47
    16    20     0     0     0     0     0     0     1     1     1     1     0    48
     9    14     0     0     0     0     0     0     1     1     1     1     0    49
    10    15     0     0     0     0     0     0     1     1     1     1     0    50
    11    16     0     0     0     0     0     0     1     1     1     1     0    51
    12    13     0     0     0     0     0     0     1     1     1     1     0    52
    14    17     0     0     0     0     0     0     1     1     1     1     0    53
    15    18     0     0     0     0     0     0     1     1     1     1     0    54
    16    19     0     0     0     0     0     0     1     1     1     1     0    55
    13    20     0     0     0     0     0     0     1     1     1     1     0    56
    17    21     0     0     0     0     0     0     1     1     1     1     0    57
    21    25     0     0     0     0     0     0     1     1     1     1     0    58
    18    22     0     0     0     0     0     0     1     1     1     1     0    59
    22    26     0     0     0     0     0     0     1     1     1     1     0    60
    19    23     0     0     0     0     0     0     1     1     1     1     0    61
    23    27     0     0     0     0     0     0     1     1     1     1     0    62
    20    24     0     0     0     0     0     0     1     1     1     1     0    63
    24    28     0     0     0     0     0     0     1     1     1     1     0    64
    17    22     0     0     0     0     0     0     1     1     1     1     0    65
    18    23     0     0     0     0     0     0     1     1     1     1     0    66
    19    24     0     0     0     0     0     0     1     1     1     1     0    67
    20    21     0     0     0     0     0     0     1     1     1     1     0    68
    22    25     0     0     0     0     0     0     1     1     1     1     0    69
    23    26     0     0     0     0     0     0     1     1     1     1     0    70
    24    27     0     0     0     0     0     0     1     1     1     1     0    71
    21    28     0     0     0     0     0     0     1     1     1     1     0    72
    25    26     0     0     0     0     0     0     1     1     1     1     0    73
    26    27     0     0     0     0     0     0     1     1     1     1     0    74
    27    28     0     0     0     0     0     0     1     1     1     1     0    75
    28    25     0     0     0     0     0     0     1     1     1     1     0    76
    29    30     0     0     0     0     0     0     1     1     1     1     0    77
    30    31     0     0     0     0     0     0     1     1     1     1     0    78
    31    32     0     0     0     0     0     0     1     1     1     1     0    79
    32    29     0     0     0     0     0     0     1     1     1     1     0    80
    33    34     0     0     0     0     0     0     1     1     1     1     0    81
    34    35     0     0     0     0     0     0     1     1     1     1     0    82
    35    36     0     0     0     0     0     0     1     1     1     1     0    83
    36    33     0     0     0     0     0     0     1     1     1     1     0    84
    25    29     0     0     0     0     0     0     1     1     1     1     0    85
    29    33     0     0     0     0     0     0     1     1     1     1     0    86
    26    30     0     0     0     0     0     0     1     1     1     1     0    87
    30    34     0     0     0     0     0     0     1     1     1     1     0    88
    27    31     0     0     0     0     0     0     1     1     1     1     0    89
    31    35     0     0     0     0     0     0     1     1     1     1     0    90
    28    32     0     0     0     0     0     0     1     1     1     1     0    91
    32    36     0     0     0     0     0     0     1     1     1     1     0    92
    25    30     0     0     0     0     0     0     1     1     1     1     0    93
    26    31     0     0     0     0     0     0     1     1     1     1     0    94
    27    32     0     0     0     0     0     0     1     1     1     1     0    95
    28    29     0     0     0     0     0     0     1     1     1     1     0    96
    30    33     0     0     0     0     0     0     1     1     1     1     0    97
    31    34     0     0     0     0     0     0     1     1     1     1     0    98
    32    35     0     0     0     0     0     0     1     1     1     1     0    99
    29    36     0     0     0     0     0     0     1     1     1     1     0   100
    37    38     0     0     0     0     0     0     1     1     1     1     0   101
    38    39     0     0     0     0     0     0     1     1     1     1     0   102
    39    40     0     0     0     0     0     0     1     1     1     1     0   103
    40    37     0     0     0     0     0     0     1     1     1     1     0   104
    41    42     0     0     0     0     0     0     1     1     1     1     0   105
    42    43     0     0     0     0     0     0     1     1     1     1     0   106
    43    44     0     0     0     0     0     0     1     1     1     1     0   107
    44    41     0     0     0     0     0     0     1     1     1     1     0   108
    45    46     0     0     0     0     0     0     1     1     1     1     0   109
    46    47     0     0     0     0     0     0     1     1     1     1     0   110
    47    48     0     0     0     0     0     0     1     1     1     1     0   111
    48    45     0     0     0     0     0     0     1     1     1     1     0   112
    33    37     0     0     0     0     0     0     1     1     1     1     0   113
    37    41     0     0     0     0     0     0     1     1     1     1     0   114
    34    38     0     0     0     0     0     0     1     1     1     1     0   115
    38    42     0     0     0     0     0     0     1     1     1     1     0   116
    35    39     0     0     0     0     0     0     1     1     1     1     0   117
    39    43     0     0     0     0     0     0     1     1     1     1     0   118
    36    40     0     0     0     0     0     0     1     1     1     1     0   119
    40    44     0     0     0     0     0     0     1     1     1     1     0   120
    33    38     0     0     0     0     0     0     1     1     1     1     0   121
    34    39     0     0     0     0     0     0     1     1     1     1     0   122
    35    40     0     0     0     0     0     0     1     1     1     1     0   123
    36    37     0     0     0     0     0     0     1     1     1     1     0   124
    38    41     0     0     0     0     0     0     1     1     1     1     0   125
    39    42     0     0     0     0     0     0     1     1     1     1     0   126
    40    43     0     0     0     0     0     0     1     1     1     1     0   127
    37    44     0     0     0     0     0     0     1     1     1     1     0   128
    49    50     0     0     0     0     0     0     1     1     1     1     0   129
    50    51     0     0     0     0     0     0     1     1     1     1     0   130
    51    52     0     0     0     0     0     0     1     1     1     1     0   131
    52    49     0     0     0     0     0     0     1     1     1     1     0   132
    53    54     0     0     0     0     0     0     1     1     1     1     0   133
    54    55     0     0     0     0     0     0     1     1     1     1     0   134
    55    56     0     0     0     0     0     0     1     1     1     1     0   135
    56    53     0     0     0     0     0     0     1     1     1     1     0   136
    57    58     0     0     0     0     0     0     1     1     1     1     0   137
    58    59     0     0     0     0     0     0     1     1     1     1     0   138
    59    60     0     0     0     0     0     0     1     1     1     1     0   139
    60    57     0     0     0     0     0     0     1     1     1     1     0   140
    41    45     0     0     0     0     0     0     1     1     1     1     0   141
    45    49     0     0     0     0     0     0     1     1     1     1     0   142
    42    46     0     0     0     0     0     0     1     1     1     1     0   143
    46    50     0     0     0     0     0     0     1     1     1     1     0   144
    43    47     0     0     0     0     0     0     1     1     1     1     0   145
    47    51     0     0     0     0     0     0     1     1     1     1     0   146
    44    48     0     0     0     0     0     0     1     1     1     1     0   147
    48    52     0     0     0     0     0     0     1     1     1     1     0   148
    41    46     0     0     0     0     0     0     1     1     1     1     0   149
    42    47     0     0     0     0     0     0     1     1     1     1     0   150
    43    48     0     0     0     0     0     0     1     1     1     1     0   151
    44    45     0     0     0     0     0     0     1     1     1     1     0   152
    46    49     0     0     0     0     0     0     1     1     1     1     0   153
    47    50     0     0     0     0     0     0     1     1     1     1     0   154
    48    51     0     0     0     0     0     0     1     1     1     1     0   155
    45    52     0     0     0     0     0     0     1     1     1     1     0   156
    49    53     0     0     0     0     0     0     1     1     1     1     0   157
    53    57     0     0     0     0     0     0     1     1     1     1     0   158
    50    54     0     0     0     0     0     0     1     1     1     1     0   159
    54    58     0     0     0     0     0     0     1     1     1     1     0   160
    51    55     0     0     0     0     0     0     1     1     1     1     0   161
    55    59     0     0     0     0     0     0     1     1     1     1     0   162
    52    56     0     0     0     0     0     0     1     1     1     1     0   163
    56    60     0     0     0     0     0     0     1     1     1     1     0   164
    49    54     0     0     0     0     0     0     1     1     1     1     0   165
    50    55     0     0     0     0     0     0     1     1     1     1     0   166
    51    56     0     0     0     0     0     0     1     1     1     1     0   167
    52    53     0     0     0     0     0     0     1     1     1     1     0   168
    54    57     0     0     0     0     0     0     1     1     1     1     0   169
    55    58     0     0     0     0     0     0     1     1     1     1     0   170
    56    59     0     0     0     0     0     0     1     1     1     1     0   171
    53    60     0     0     0     0     0     0     1     1     1     1     0   172
    61    62     0     0     0     0     0     0     1     1     1     1     0   173
    62    63     0     0     0     0     0     0     1     1     1     1     0   174
    63    64     0     0     0     0     0     0     1     1     1     1     0   175
    64    61     0     0     0     0     0     0     1     1     1     1     0   176
    65    66     0     0     0     0     0     0     1     1     1     1     0   177
    66    67     0     0     0     0     0     0     1     1     1     1     0   178
    67    68     0     0     0     0     0     0     1     1     1     1     0   179
    68    65     0     0     0     0     0     0     1     1     1     1     0   180
    69    70     0     0     0     0     0     0     1     1     1     1     0   181
    70    71     0     0     0     0     0     0     1     1     1     1     0   182
    71    72     0     0     0     0     0     0     1     1     1     1     0   183
    72    69     0     0     0     0     0     0     1     1     1     1     0   184
    57    61     0     0     0     0     0     0     1     1     1     1     0   185
    61    65     0     0     0     0     0     0     1     1     1     1     0   186
    58    62     0     0     0     0     0     0     1     1     1     1     0   187
    62    66     0     0     0     0     0     0     1     1     1     1     0   188
    59    63     0     0     0     0     0     0     1     1     1     1     0   189
    63    67     0     0     0     0     0     0     1     1     1     1     0   190
    60    64     0     0     0     0     0     0     1     1     1     1     0   191
    64    68     0     0     0     0     0     0     1     1     1     1     0   192
    57    62     0     0     0     0     0     0     1     1     1     1     0   193
    58    63     0     0     0     0     0     0     1     1     1     1     0   194
    59    64     0     0     0     0     0     0     1     1     1     1     0   195
    60    61     0     0     0     0     0     0     1     1     1     1     0   196
    62    65     0     0     0     0     0     0     1     1     1     1     0   197
    63    66     0     0     0     0     0     0     1     1     1     1     0   198
    64    67     0     0     0     0     0     0     1     1     1     1     0   199
    61    68     0     0     0     0     0     0     1     1     1     1     0   200
    73    74     0     0     0     0     0     0     1     1     1     1     0   201
    74    75     0     0     0     0     0     0     1     1     1     1     0   202
    75    76     0     0     0     0     0     0     1     1     1     1     0   203
    76    73     0     0     0     0     0     0     1     1     1     1     0   204
    77    78     0     0     0     0     0     0     1     1     1     1     0   205
    78    79     0     0     0     0     0     0     1     1     1     1     0   206
    79    80     0     0     0     0     0     0     1     1     1     1     0   207
    80    77     0     0     0     0     0     0     1     1     1     1     0   208
    81    82     0     0     0     0     0     0     1     1     1     1     0   209
    82    83     0     0     0     0     0     0     1     1     1     1     0   210
    83    84     0     0     0     0     0     0     1     1     1     1     0   211
    84    81     0     0     0     0     0     0     1     1     1     1     0   212
    65    69     0     0     0     0     0     0     1     1     1     1     0   213
    69    73     0     0     0     0     0     0     1     1     1     1     0   214
    66    70     0     0     0     0     0     0     1     1     1     1     0   215
    70    74     0     0     0     0     0     0     1     1     1     1     0   216
    67    71     0     0     0     0     0     0     1     1     1     1     0   217
    71    75     0     0     0     0     0     0     1     1     1     1     0   218
    68    72     0     0     0     0     0     0     1     1     1     1     0   219
    72    76     0     0     0     0     0     0     1     1     1     1     0   220
    65    70     0     0     0     0     0     0     1     1     1     1     0   221
    66    71     0     0     0     0     0     0     1     1     1     1     0   222
    67    72     0     0     0     0     0     0     1     1     1     1     0   223
    68    69     0     0     0     0     0     0     1     1     1     1     0   224
    70    73     0     0     0     0     0     0     1     1     1     1     0   225
    71    74     0     0     0     0     0     0     1     1     1     1     0   226
    72    75     0     0     0     0     0     0     1     1     1     1     0   227
    69    76     0     0     0     0     0     0     1     1     1     1     0   228
    73    77     0     0     0     0     0     0     1     1     1     1     0   229
    77    81     0     0     0     0     0     0     1     1     1     1     0   230
    74    78     0     0     0     0     0     0     1     1     1     1     0   231
    78    82     0     0     0     0     0     0     1     1     1     1     0   232
    75    79     0     0     0     0     0     0     1     1     1     1     0   233
    79    83     0     0     0     0     0     0     1     1     1     1     0   234
    76    80     0     0     0     0     0     0     1     1     1     1     0   235
    80    84     0     0     0     0     0     0     1     1     1     1     0   236
    73    78     0     0     0     0     0     0     1     1     1     1     0   237
    74    79     0     0     0     0     0     0     1     1     1     1     0   238
    75    80     0     0     0     0     0     0     1     1     1     1     0   239
    76    77     0     0     0     0     0     0     1     1     1     1     0   240
    78    81     0     0     0     0     0     0     1     1     1     1     0   241
    79    82     0     0     0     0     0     0     1     1     1     1     0   242
    80    83     0     0     0     0     0     0     1     1     1     1     0   243
    77    84     0     0     0     0     0     0     1     1     1     1     0   244
    85    86     0     0     0     0     0     0     1     1     1     1     0   245
    86    87     0     0     0     0     0     0     1     1     1     1     0   246
    87    88     0     0     0     0     0     0     1     1     1     1     0   247
    88    85     0     0     0     0     0     0     1     1     1     1     0   248
    89    90     0     0     0     0     0     0     1     1     1     1     0   249
    90    91     0     0     0     0     0     0     1     1     1     1     0   250
    91    92     0     0     0     0     0     0     1     1     1     1     0   251
    92    89     0     0     0     0     0     0     1     1     1     1     0   252
    93    94     0     0     0     0     0     0     1     1     1     1     0   253
    94    95     0     0     0     0     0     0     1     1     1     1     0   254
    95    96     0     0     0     0     0     0     1     1     1     1     0   255
    96    93     0     0     0     0     0     0     1     1     1     1     0   256
    81    85     0     0     0     0     0     0     1     1     1     1     0   257
    82    86     0     0     0     0     0     0     1     1     1     1     0   258
    83    87     0     0     0     0     0     0     1     1     1     1     0   259
    84    88     0     0     0     0     0     0     1     1     1     1     0   260
    85    89     0     0     0     0     0     0     1     1     1     1     0   261
    86    90     0     0     0     0     0     0     1     1     1     1     0   262
    87    91     0     0     0     0     0     0     1     1     1     1     0   263
    88    92     0     0     0     0     0     0     1     1     1     1     0   264
    89    93     0     0     0     0     0     0     1     1     1     1     0   265
    90    94     0     0     0     0     0     0     1     1     1     1     0   266
    91    95     0     0     0     0     0     0     1     1     1     1     0   267
    92    96     0     0     0     0     0     0     1     1     1     1     0   268
    81    86     0     0     0     0     0     0     1     1     1     1     0   269
    86    89     0     0     0     0     0     0     1     1     1     1     0   270
    89    94     0     0     0     0     0     0     1     1     1     1     0   271
    82    87     0     0     0     0     0     0     1     1     1     1     0   272
    87    90     0     0     0     0     0     0     1     1     1     1     0   273
    90    95     0     0     0     0     0     0     1     1     1     1     0   274
    83    88     0     0     0     0     0     0     1     1     1     1     0   275
    88    91     0     0     0     0     0     0     1     1     1     1     0   276
    91    96     0     0     0     0     0     0     1     1     1     1     0   277
    84    85     0     0     0     0     0     0     1     1     1     1     0   278
    85    92     0     0     0     0     0     0     1     1     1     1     0   279
    92    93     0     0     0     0     0     0     1     1     1     1     0   280
    93    97     0     0     0     0     0     0     1     1     1     1     0   281
    94    97     0     0     0     0     0     0     1     1     1     1     0   282
    95    97     0     0     0     0     0     0     1     1     1     1     0   283
    96    97     0     0     0     0     0     0     1     1     1     1     0   284
    78    98     0     0     0     0     0     0     1     1     1     1     0   285
    98    99     0     0     0     0     0     0     1     1     1     1     0   286
    99    79     0     0     0     0     0     0     1     1     1     1     0   287
    82   100     0     0     0     0     0     0     1     1     1     1     0   288
    83   100     0     0     0     0     0     0     1     1     1     1     0   289
    78   100     0     0     0     0     0     0     1     1     1     1     0   290
    98   100     0     0     0     0     0     0     1     1     1     1     0   291
    99   100     0     0     0     0     0     0     1     1     1     1     0   292
    79   100     0     0     0     0     0     0     1     1     1     1     0   293
    78    99     0     0     0     0     0     0     1     1     1     1     0   294
    98   101     0     0     0     0     0     0     1     1     1     1     0   295
   101   102     0     0     0     0     0     0     1     1     1     1     0   296
   102    99     0     0     0     0     0     0     1     1     1     1     0   297
    98   103     0     0     0     0     0     0     1     1     1     1     0   298
   101   103     0     0     0     0     0     0     1     1     1     1     0   299
   102   103     0     0     0     0     0     0     1     1     1     1     0   300
    99   103     0     0     0     0     0     0     1     1     1     1     0   301
    98   102     0     0     0     0     0     0     1     1     1     1     0   302
   101   104     0     0     0     0     0     0     1     1     1     1     0   303
   104   105     0     0     0     0     0     0     1     1     1     1     0   304
   105   102     0     0     0     0     0     0     1     1     1     1     0   305
   101   106     0     0     0     0     0     0     1     1     1     1     0   306
   104   106     0     0     0     0     0     0     1     1     1     1     0   307
   105   106     0     0     0     0     0     0     1     1     1     1     0   308
   102   106     0     0     0     0     0     0     1     1     1     1     0   309
   101   105     0     0     0     0     0     0     1     1     1     1     0   310
   104   107     0     0     0     0     0     0     1     1     1     1     0   311
   107   108     0     0     0     0     0     0     1     1     1     1     0   312
   108   105     0     0     0     0     0     0     1     1     1     1     0   313
   104   109     0     0     0     0     0     0     1     1     1     1     0   314
   107   109     0     0     0     0     0     0     1     1     1     1     0   315
   108   109     0     0     0     0     0     0     1     1     1     1     0   316
   105   109     0     0     0     0     0     0     1     1     1     1     0   317
   104   108     0     0     0     0     0     0     1     1     1     1     0   318
   107   110     0     0     0     0     0     0     1     1     1     1     0   319
   110   111     0     0     0     0     0     0     1     1     1     1     0   320
   111   108     0     0     0     0     0     0     1     1     1     1     0   321
   107   112     0     0     0     0     0     0     1     1     1     1     0   322
   110   112     0     0     0     0     0     0     1     1     1     1     0   323
   111   112     0     0     0     0     0     0     1     1     1     1     0   324
   108   112     0     0     0     0     0     0     1     1     1     1     0   325
   107   111     0     0     0     0     0     0     1     1     1     1     0   326
   110   113     0     0     0     0     0     0     1     1     1     1     0   327
   113   114     0     0     0     0     0     0     1     1     1     1     0   328
   114   111     0     0     0     0     0     0     1     1     1     1     0   329
   110   115     0     0     0     0     0     0     1     1     1     1     0   330
   113   115     0     0     0     0     0     0     1     1     1     1     0   331
   114   115     0     0     0     0     0     0     1     1     1     1     0   332
   111   115     0     0     0     0     0     0     1     1     1     1     0   333
   110   114     0     0     0     0     0     0     1     1     1     1     0   334
   113   116     0     0     0     0     0     0     1     1     1     1     0   335
   116   117     0     0     0     0     0     0     1     1     1     1     0   336
   117   114     0     0     0     0     0     0     1     1     1     1     0   337
   113   118     0     0     0     0     0     0     1     1     1     1     0   338
   116   118     0     0     0     0     0     0     1     1     1     1     0   339
   117   118     0     0     0     0     0     0     1     1     1     1     0   340
   114   118     0     0     0     0     0     0     1     1     1     1     0   341
   113   117     0     0     0     0     0     0     1     1     1     1     0   342
   116   119     0     0     0     0     0     0     1     1     1     1     0   343
   119   120     0     0     0     0     0     0     1     1     1     1     0   344
   120   117     0     0     0     0     0     0     1     1     1     1     0   345
   116   121     0     0     0     0     0     0     1     1     1     1     0   346
   119   121     0     0     0     0     0     0     1     1     1     1     0   347
   120   121     0     0     0     0     0     0     1     1     1     1     0   348
   117   121     0     0     0     0     0     0     1     1     1     1     0   349
   116   120     0     0     0     0     0     0     1     1     1     1     0   350
   119   122     0     0     0     0     0     0     1     1     1     1     0   351
   122   123     0     0     0     0     0     0     1     1     1     1     0   352
   123   120     0     0     0     0     0     0     1     1     1     1     0   353
   119   124     0     0     0     0     0     0     1     1     1     1     0   354
   122   124     0     0     0     0     0     0     1     1     1     1     0   355
   123   124     0     0     0     0     0     0     1     1     1     1     0   356
   120   124     0     0     0     0     0     0     1     1     1     1     0   357
   119   123     0     0     0     0     0     0     1     1     1     1     0   358
   122   125     0     0     0     0     0     0     1     1     1     1     0   359
   125   126     0     0     0     0     0     0     1     1     1     1     0   360
   126   123     0     0     0     0     0     0     1     1     1     1     0   361
   122   127     0     0     0     0     0     0     1     1     1     1     0   362
   125   127     0     0     0     0     0     0     1     1     1     1     0   363
   126   127     0     0     0     0     0     0     1     1     1     1     0   364
   123   127     0     0     0     0     0     0     1     1     1     1     0   365
   122   126     0     0     0     0     0     0     1     1     1     1     0   366
   125   128     0     0     0     0     0     0     1     1     1     1     0   367
   128   129     0     0     0     0     0     0     1     1     1     1     0   368
   129   126     0     0     0     0     0     0     1     1     1     1     0   369
   125   130     0     0     0     0     0     0     1     1     1     1     0   370
   128   130     0     0     0     0     0     0     1     1     1     1     0   371
   129   130     0     0     0     0     0     0     1     1     1     1     0   372
   126   130     0     0     0     0     0     0     1     1     1     1     0   373
   125   129     0     0     0     0     0     0     1     1     1     1     0   374
   128   131     0     0     0     0     0     0     1     1     1     1     0   375
   131   132     0     0     0     0     0     0     1     1     1     1     0   376
   132   129     0     0     0     0     0     0     1     1     1     1     0   377
   128   133     0     0     0     0     0     0     1     1     1     1     0   378
   131   133     0     0     0     0     0     0     1     1     1     1     0   379
   132   133     0     0     0     0     0     0     1     1     1     1     0   380
   129   133     0     0     0     0     0     0     1     1     1     1     0   381
   128   132     0     0     0     0     0     0     1     1     1     1     0   382
   131   134     0     0     0     0     0     0     1     1     1     1     0   383
   134   135     0     0     0     0     0     0     1     1     1     1     0   384
   135   132     0     0     0     0     0     0     1     1     1     1     0   385
   131   136     0     0     0     0     0     0     1     1     1     1     0   386
   134   136     0     0     0     0     0     0     1     1     1     1     0   387
   135   136     0     0     0     0     0     0     1     1     1     1     0   388
   132   136     0     0     0     0     0     0     1     1     1     1     0   389
   131   135     0     0     0     0     0     0     1     1     1     1     0   390
   134   137     0     0     0     0     0     0     1     1     1     1     0   391
   137   138     0     0     0     0     0     0     1     1     1     1     0   392
   138   135     0     0     0     0     0     0     1     1     1     1     0   393
   134   139     0     0     0     0     0     0     1     1     1     1     0   394
   137   139     0     0     0     0     0     0     1     1     1     1     0   395
   138   139     0     0     0     0     0     0     1     1     1     1     0   396
   135   139     0     0     0     0     0     0     1     1     1     1     0   397
   134   138     0     0     0     0     0     0     1     1     1     1     0   398
   137   140     0     0     0     0     0     0     1     1     1     1     0   399
   140   141     0     0     0     0     0     0     1     1     1     1     0   400
   141   138     0     0     0     0     0     0     1     1     1     1     0   401
   137   142     0     0     0     0     0     0     1     1     1     1     0   402
   140   142     0     0     0     0     0     0     1     1     1     1     0   403
   141   142     0     0     0     0     0     0     1     1     1     1     0   404
   138   142     0     0     0     0     0     0     1     1     1     1     0   405
   137   141     0     0     0     0     0     0     1     1     1     1     0   406
   140   143     0     0     0     0     0     0     1     1     1     1     0   407
   143   144     0     0     0     0     0     0     1     1     1     1     0   408
   144   141     0     0     0     0     0     0     1     1     1     1     0   409
   140   145     0     0     0     0     0     0     1     1     1     1     0   410
   143   145     0     0     0     0     0     0     1     1     1     1     0   411
   144   145     0     0     0     0     0     0     1     1     1     1     0   412
   141   145     0     0     0     0     0     0     1     1     1     1     0   413
   140   144     0     0     0     0     0     0     1     1     1     1     0   414
   143   146     0     0     0     0     0     0     1     1     1     1     0   415
   146   147     0     0     0     0     0     0     1     1     1     1     0   416
   147   144     0     0     0     0     0     0     1     1     1     1     0   417
   143   148     0     0     0     0     0     0     1     1     1     1     0   418
   146   148     0     0     0     0     0     0     1     1     1     1     0   419
   147   148     0     0     0     0     0     0     1     1     1     1     0   420
   144   148     0     0     0     0     0     0     1     1     1     1     0   421
   143   147     0     0     0     0     0     0     1     1     1     1     0   422
   146   149     0     0     0     0     0     0     1     1     1     1     0   423
   149   150     0     0     0     0     0     0     1     1     1     1     0   424
   150   147     0     0     0     0     0     0     1     1     1     1     0   425
   146   151     0     0     0     0     0     0     1     1     1     1     0   426
   149   151     0     0     0     0     0     0     1     1     1     1     0   427
   150   151     0     0     0     0     0     0     1     1     1     1     0   428
   147   151     0     0     0     0     0     0     1     1     1     1     0   429
   146   150     0     0     0     0     0     0     1     1     1     1     0   430
   149   152     0     0     0     0     0     0     1     1     1     1     0   431
   152   153     0     0     0     0     0     0     1     1     1     1     0   432
   153   150     0     0     0     0     0     0     1     1     1     1     0   433
   149   154     0     0     0     0     0     0     1     1     1     1     0   434
   152   154     0     0     0     0     0     0     1     1     1     1     0   435
   153   154     0     0     0     0     0     0     1     1     1     1     0   436
   150   154     0     0     0     0     0     0     1     1     1     1     0   437
   149   153     0     0     0     0     0     0     1     1     1     1     0   438
   152   155     0     0     0     0     0     0     1     1     1     1     0   439
   155   156     0     0     0     0     0     0     1     1     1     1     0   440
   156   153     0     0     0     0     0     0     1     1     1     1     0   441
   152   157     0     0     0     0     0     0     1     1     1     1     0   442
   155   157     0     0     0     0     0     0     1     1     1     1     0   443
   156   157     0     0     0     0     0     0     1     1     1     1     0   444
   153   157     0     0     0     0     0     0     1     1     1     1     0   445
   152   156     0     0     0     0     0     0     1     1     1     1     0   446
   155   158     0     0     0     0     0     0     1     1     1     1     0   447
   158   159     0     0     0     0     0     0     1     1     1     1     0   448
   159   156     0     0     0     0     0     0     1     1     1     1     0   449
   155   160     0     0     0     0     0     0     1     1     1     1     0   450
   158   160     0     0     0     0     0     0     1     1     1     1     0   451
   159   160     0     0     0     0     0     0     1     1     1     1     0   452
   156   160     0     0     0     0     0     0     1     1     1     1     0   453
   155   159     0     0     0     0     0     0     1     1     1     1     0   454
   100   103     0     0     0     0     0     0     1     1     1     1     0   455
   103   106     0     0     0     0     0     0     1     1     1     1     0   456
   106   109     0     0     0     0     0     0     1     1     1     1     0   457
   109   112     0     0     0     0     0     0     1     1     1     1     0   458
   112   115     0     0     0     0     0     0     1     1     1     1     0   459
   115   118     0     0     0     0     0     0     1     1     1     1     0   460
   118   121     0     0     0     0     0     0     1     1     1     1     0   461
   121   124     0     0     0     0     0     0     1     1     1     1     0   462
   124   127     0     0     0     0     0     0     1     1     1     1     0   463
   127   130     0     0     0     0     0     0     1     1     1     1     0   464
   130   133     0     0     0     0     0     0     1     1     1     1     0   465
   133   136     0     0     0     0     0     0     1     1     1     1     0   466
   136   139     0     0     0     0     0     0     1     1     1     1     0   467
   139   142     0     0     0     0     0     0     1     1     1     1     0   468
   142   145     0     0     0     0     0     0     1     1     1     1     0   469
   145   148     0     0     0     0     0     0     1     1     1     1     0   470
   148   151     0     0     0     0     0     0     1     1     1     1     0   471
   151   154     0     0     0     0     0     0     1     1     1     1     0   472
   154   157     0     0     0     0     0     0     1     1     1     1     0   473
   157   160     0     0     0     0     0     0     1     1     1     1     0   474
    77   161     0     0     0     0     0     0     1     1     1     1     0   475
    80   162     0     0     0     0     0     0     1     1     1     1     0   476
   161   162     0     0     0     0     0     0     1     1     1     1     0   477
   163   164     0     0     0     0     0     0     1     1     1     1     0   478
   164   165     0     0     0     0     0     0     1     1     1     1     0   479
   165   166     0     0     0     0     0     0     1     1     1     1     0   480
   166   163     0     0     0     0     0     0     1     1     1     1     0   481
   167   168     0     0     0     0     0     0     1     1     1     1     0   482
   168   169     0     0     0     0     0     0     1     1     1     1     0   483
   169   170     0     0     0     0     0     0     1     1     1     1     0   484
   170   167     0     0     0     0     0     0     1     1     1     1     0   485
   171   172     0     0     0     0     0     0     1     1     1     1     0   486
   172   173     0     0     0     0     0     0     1     1     1     1     0   487
   173   174     0     0     0     0     0     0     1     1     1     1     0   488
   174   171     0     0     0     0     0     0     1     1     1     1     0   489
   175   176     0     0     0     0     0     0     1     1     1     1     0   490
   176   177     0     0     0     0     0     0     1     1     1     1     0   491
   177   178     0     0     0     0     0     0     1     1     1     1     0   492
   178   175     0     0     0     0     0     0     1     1     1     1     0   493
   179   180     0     0     0     0     0     0     1     1     1     1     0   494
   180   181     0     0     0     0     0     0     1     1     1     1     0   495
   181   182     0     0     0     0     0     0     1     1     1     1     0   496
   182   179     0     0     0     0     0     0     1     1     1     1     0   497
   183   184     0     0     0     0     0     0     1     1     1     1     0   498
   184   185     0     0     0     0     0     0     1     1     1     1     0   499
   185   186     0     0     0     0     0     0     1     1     1     1     0   500
   186   183     0     0     0     0     0     0     1     1     1     1     0   501
   187   188     0     0     0     0     0     0     1     1     1     1     0   502
   161   166     0     0     0     0     0     0     1     1     1     1     0   503
   162   165     0     0     0     0     0     0     1     1     1     1     0   504
    77   163     0     0     0     0     0     0     1     1     1     1     0   505
    80   164     0     0     0     0     0     0     1     1     1     1     0   506
   163   167     0     0     0     0     0     0     1     1     1     1     0   507
   164   168     0     0     0     0     0     0     1     1     1     1     0   508
   165   169     0     0     0     0     0     0     1     1     1     1     0   509
   166   170     0     0     0     0     0     0     1     1     1     1     0   510
   167   171     0     0     0     0     0     0     1     1     1     1     0   511
   168   172     0     0     0     0     0     0     1     1     1     1     0   512
   169   173     0     0     0     0     0     0     1     1     1     1     0   513
   170   174     0     0     0     0     0     0     1     1     1     1     0   514
   171   175     0     0     0     0     0     0     1     1     1     1     0   515
   172   176     0     0     0     0     0     0     1     1     1     1     0   516
   173   177     0     0     0     0     0     0     1     1     1     1     0   517
   174   178     0     0     0     0     0     0     1     1     1     1     0   518
   175   179     0     0     0     0     0     0     1     1     1     1     0   519
   176   180     0     0     0     0     0     0     1     1     1     1     0   520
   177   181     0     0     0     0     0     0     1     1     1     1     0   521
   178   182     0     0     0     0     0     0     1     1     1     1     0   522
   179   183     0     0     0     0     0     0     1     1     1     1     0   523
   180   184     0     0     0     0     0     0     1     1     1     1     0   524
   181   185     0     0     0     0     0     0     1     1     1     1     0   525
   182   186     0     0     0     0     0     0     1     1     1     1     0   526
   183   187     0     0     0     0     0     0     1     1     1     1     0   527
   184   188     0     0     0     0     0     0     1     1     1     1     0   528
   161   163     0     0     0     0     0     0     1     1     1     1     0   529
   162   164     0     0     0     0     0     0     1     1     1     1     0   530
   166   167     0     0     0     0     0     0     1     1     1     1     0   531
   165   168     0     0     0     0     0     0     1     1     1     1     0   532
   170   171     0     0     0     0     0     0     1     1     1     1     0   533
   169   172     0     0     0     0     0     0     1     1     1     1     0   534
   174   175     0     0     0     0     0     0     1     1     1     1     0   535
   173   176     0     0     0     0     0     0     1     1     1     1     0   536
   178   179     0     0     0     0     0     0     1     1     1     1     0   537
   177   180     0     0     0     0     0     0     1     1     1     1     0   538
   182   183     0     0     0     0     0     0     1     1     1     1     0   539
   181   184     0     0     0     0     0     0     1     1     1     1     0   540
   186   187     0     0     0     0     0     0     1     1     1     1     0   541
   185   188     0     0     0     0     0     0     1     1     1     1     0   542
    80   163     0     0     0     0     0     0     1     1     1     1     0   543
   164   167     0     0     0     0     0     0     1     1     1     1     0   544
   168   171     0     0     0     0     0     0     1     1     1     1     0   545
   172   175     0     0     0     0     0     0     1     1     1     1     0   546
   176   179     0     0     0     0     0     0     1     1     1     1     0   547
   180   183     0     0     0     0     0     0     1     1     1     1     0   548
   184   187     0     0     0     0     0     0     1     1     1     1     0   549
   162   166     0     0     0     0     0     0     1     1     1     1     0   550
   165   170     0     0     0     0     0     0     1     1     1     1     0   551
   169   174     0     0     0     0     0     0     1     1     1     1     0   552
   173   178     0     0     0     0     0     0     1     1     1     1     0   553
   177   182     0     0     0     0     0     0     1     1     1     1     0   554
   181   186     0     0     0     0     0     0     1     1     1     1     0   555
    97   130     0     0     0     0     0     0     1     1     1     1     0   556
    97   181     0     0     0     0     0     0     1     1     1     1     0   557
    97   182     0     0     0     0     0     0     1     1     1     1     0   558
    81   161     0     0     0     0     0     0     1     1     1     1     0   559
    84   162     0     0     0     0     0     0     1     1     1     1     0   560

