     1     2     0     0     0     0     0     0     1     1     1     1     0    32
     2     3     0     0     0     0     0     0     1     1     1     1     0    33
     3     4     0     0     0     0     0     0     1     1     1     1     0    34
     4     1     0     0     0     0     0     0     1     1     1     1     0    35
     5     6     0     0     0     0     0     0     1     1     1     1     0    36
     6     7     0     0     0     0     0     0     1     1     1     1     0    37
     7     8     0     0     0     0     0     0     1     1     1     1     0    38
     8     5     0     0     0     0     0     0     1     1     1     1     0    39
     9    10     0     0     0     0     0     0     1     1     1     1     0    40
    10    11     0     0     0     0     0     0     1     1     1     1     0    41
    11    12     0     0     0     0     0     0     1     1     1     1     0    42
    12     9     0     0     0     0     0     0     1     1     1     1     0    43
     1     5     0     0     0     0     0     0     1     1     1     1     0    44
     5     9     0     0     0     0     0     0     1     1     1     1     0    45
     2     6     0     0     0     0     0     0     1     1     1     1     0    46
     6    10     0     0     0     0     0     0     1     1     1     1     0    47
     3     7     0     0     0     0     0     0     1     1     1     1     0    48
     7    11     0     0     0     0     0     0     1     1     1     1     0    49
     4     8     0     0     0     0     0     0     1     1     1     1     0    50
     8    12     0     0     0     0     0     0     1     1     1     1     0    51
     1     6     0     0     0     0     0     0     1     1     1     1     0    52
     2     7     0     0     0     0     0     0     1     1     1     1     0    53
     3     8     0     0     0     0     0     0     1     1     1     1     0    54
     4     5     0     0     0     0     0     0     1     1     1     1     0    55
     6     9     0     0     0     0     0     0     1     1     1     1     0    56
     7    10     0     0     0     0     0     0     1     1     1     1     0    57
     8    11     0     0     0     0     0     0     1     1     1     1     0    58
     5    12     0     0     0     0     0     0     1     1     1     1     0    59
    13    14     0     0     0     0     0     0     1     1     1     1     0    60
    14    15     0     0     0     0     0     0     1     1     1     1     0    61
    15    16     0     0     0     0     0     0     1     1     1     1     0    62
    16    13     0     0     0     0     0     0     1     1     1     1     0    63
    17    18     0     0     0     0     0     0     1     1     1     1     0    64
    18    19     0     0     0     0     0     0     1     1     1     1     0    65
    19    20     0     0     0     0     0     0     1     1     1     1     0    66
    20    17     0     0     0     0     0     0     1     1     1     1     0    67
    21    22     0     0     0     0     0     0     1     1     1     1     0    68
    22    23     0     0     0     0     0     0     1     1     1     1     0    69
    23    24     0     0     0     0     0     0     1     1     1     1     0    70
    24    21     0     0     0     0     0     0     1     1     1     1     0    71
     9    13     0     0     0     0     0     0     1     1     1     1     0    72
    13    17     0     0     0     0     0     0     1     1     1     1     0    73
    10    14     0     0     0     0     0     0     1     1     1     1     0    74
    14    18     0     0     0     0     0     0     1     1     1     1     0    75
    11    15     0     0     0     0     0     0     1     1     1     1     0    76
    15    19     0     0     0     0     0     0     1     1     1     1     0    77
    12    16     0     0     0     0     0     0     1     1     1     1     0    78
    16    20     0     0     0     0     0     0     1     1     1     1     0    79
     9    14     0     0     0     0     0     0     1     1     1     1     0    80
    10    15     0     0     0     0     0     0     1     1     1     1     0    81
    11    16     0     0     0     0     0     0     1     1     1     1     0    82
    12    13     0     0     0     0     0     0     1     1     1     1     0    83
    14    17     0     0     0     0     0     0     1     1     1     1     0    84
    15    18     0     0     0     0     0     0     1     1     1     1     0    85
    16    19     0     0     0     0     0     0     1     1     1     1     0    86
    13    20     0     0     0     0     0     0     1     1     1     1     0    87
    17    21     0     0     0     0     0     0     1     1     1     1     0    88
    21    25     0     0     0     0     0     0     1     1     1     1     0    89
    18    22     0     0     0     0     0     0     1     1     1     1     0    90
    22    26     0     0     0     0     0     0     1     1     1     1     0    91
    19    23     0     0     0     0     0     0     1     1     1     1     0    92
    23    27     0     0     0     0     0     0     1     1     1     1     0    93
    20    24     0     0     0     0     0     0     1     1     1     1     0    94
    24    28     0     0     0     0     0     0     1     1     1     1     0    95
    17    22     0     0     0     0     0     0     1     1     1     1     0    96
    18    23     0     0     0     0     0     0     1     1     1     1     0    97
    19    24     0     0     0     0     0     0     1     1     1     1     0    98
    20    21     0     0     0     0     0     0     1     1     1     1     0    99
    22    25     0     0     0     0     0     0     1     1     1     1     0   100
    23    26     0     0     0     0     0     0     1     1     1     1     0   101
    24    27     0     0     0     0     0     0     1     1     1     1     0   102
    21    28     0     0     0     0     0     0     1     1     1     1     0   103
    25    26     0     0     0     0     0     0     1     1     1     1     0   104
    26    27     0     0     0     0     0     0     1     1     1     1     0   105
    27    28     0     0     0     0     0     0     1     1     1     1     0   106
    28    25     0     0     0     0     0     0     1     1     1     1     0   107
    29    30     0     0     0     0     0     0     1     1     1     1     0   108
    30    31     0     0     0     0     0     0     1     1     1     1     0   109
    31    32     0     0     0     0     0     0     1     1     1     1     0   110
    32    29     0     0     0     0     0     0     1     1     1     1     0   111
    33    34     0     0     0     0     0     0     1     1     1     1     0   112
    34    35     0     0     0     0     0     0     1     1     1     1     0   113
    35    36     0     0     0     0     0     0     1     1     1     1     0   114
    36    33     0     0     0     0     0     0     1     1     1     1     0   115
    25    29     0     0     0     0     0     0     1     1     1     1     0   116
    29    33     0     0     0     0     0     0     1     1     1     1     0   117
    26    30     0     0     0     0     0     0     1     1     1     1     0   118
    30    34     0     0     0     0     0     0     1     1     1     1     0   119
    27    31     0     0     0     0     0     0     1     1     1     1     0   120
    31    35     0     0     0     0     0     0     1     1     1     1     0   121
    28    32     0     0     0     0     0     0     1     1     1     1     0   122
    32    36     0     0     0     0     0     0     1     1     1     1     0   123
    25    30     0     0     0     0     0     0     1     1     1     1     0   124
    26    31     0     0     0     0     0     0     1     1     1     1     0   125
    27    32     0     0     0     0     0     0     1     1     1     1     0   126
    28    29     0     0     0     0     0     0     1     1     1     1     0   127
    30    33     0     0     0     0     0     0     1     1     1     1     0   128
    31    34     0     0     0     0     0     0     1     1     1     1     0   129
    32    35     0     0     0     0     0     0     1     1     1     1     0   130
    29    36     0     0     0     0     0     0     1     1     1     1     0   131
    37    38     0     0     0     0     0     0     1     1     1     1     0   132
    38    39     0     0     0     0     0     0     1     1     1     1     0   133
    39    40     0     0     0     0     0     0     1     1     1     1     0   134
    40    37     0     0     0     0     0     0     1     1     1     1     0   135
    41    42     0     0     0     0     0     0     1     1     1     1     0   136
    42    43     0     0     0     0     0     0     1     1     1     1     0   137
    43    44     0     0     0     0     0     0     1     1     1     1     0   138
    44    41     0     0     0     0     0     0     1     1     1     1     0   139
    45    46     0     0     0     0     0     0     1     1     1     1     0   140
    46    47     0     0     0     0     0     0     1     1     1     1     0   141
    47    48     0     0     0     0     0     0     1     1     1     1     0   142
    48    45     0     0     0     0     0     0     1     1     1     1     0   143
    33    37     0     0     0     0     0     0     1     1     1     1     0   144
    37    41     0     0     0     0     0     0     1     1     1     1     0   145
    34    38     0     0     0     0     0     0     1     1     1     1     0   146
    38    42     0     0     0     0     0     0     1     1     1     1     0   147
    35    39     0     0     0     0     0     0     1     1     1     1     0   148
    39    43     0     0     0     0     0     0     1     1     1     1     0   149
    36    40     0     0     0     0     0     0     1     1     1     1     0   150
    40    44     0     0     0     0     0     0     1     1     1     1     0   151
    33    38     0     0     0     0     0     0     1     1     1     1     0   152
    34    39     0     0     0     0     0     0     1     1     1     1     0   153
    35    40     0     0     0     0     0     0     1     1     1     1     0   154
    36    37     0     0     0     0     0     0     1     1     1     1     0   155
    38    41     0     0     0     0     0     0     1     1     1     1     0   156
    39    42     0     0     0     0     0     0     1     1     1     1     0   157
    40    43     0     0     0     0     0     0     1     1     1     1     0   158
    37    44     0     0     0     0     0     0     1     1     1     1     0   159
    49    50     0     0     0     0     0     0     1     1     1     1     0   160
    50    51     0     0     0     0     0     0     1     1     1     1     0   161
    51    52     0     0     0     0     0     0     1     1     1     1     0   162
    52    49     0     0     0     0     0     0     1     1     1     1     0   163
    53    54     0     0     0     0     0     0     1     1     1     1     0   164
    54    55     0     0     0     0     0     0     1     1     1     1     0   165
    55    56     0     0     0     0     0     0     1     1     1     1     0   166
    56    53     0     0     0     0     0     0     1     1     1     1     0   167
    57    58     0     0     0     0     0     0     1     1     1     1     0   168
    58    59     0     0     0     0     0     0     1     1     1     1     0   169
    59    60     0     0     0     0     0     0     1     1     1     1     0   170
    60    57     0     0     0     0     0     0     1     1     1     1     0   171
    41    45     0     0     0     0     0     0     1     1     1     1     0   172
    45    49     0     0     0     0     0     0     1     1     1     1     0   173
    42    46     0     0     0     0     0     0     1     1     1     1     0   174
    46    50     0     0     0     0     0     0     1     1     1     1     0   175
    43    47     0     0     0     0     0     0     1     1     1     1     0   176
    47    51     0     0     0     0     0     0     1     1     1     1     0   177
    44    48     0     0     0     0     0     0     1     1     1     1     0   178
    48    52     0     0     0     0     0     0     1     1     1     1     0   179
    41    46     0     0     0     0     0     0     1     1     1     1     0   180
    42    47     0     0     0     0     0     0     1     1     1     1     0   181
    43    48     0     0     0     0     0     0     1     1     1     1     0   182
    44    45     0     0     0     0     0     0     1     1     1     1     0   183
    46    49     0     0     0     0     0     0     1     1     1     1     0   184
    47    50     0     0     0     0     0     0     1     1     1     1     0   185
    48    51     0     0     0     0     0     0     1     1     1     1     0   186
    45    52     0     0     0     0     0     0     1     1     1     1     0   187
    49    53     0     0     0     0     0     0     1     1     1     1     0   188
    53    57     0     0     0     0     0     0     1     1     1     1     0   189
    50    54     0     0     0     0     0     0     1     1     1     1     0   190
    54    58     0     0     0     0     0     0     1     1     1     1     0   191
    51    55     0     0     0     0     0     0     1     1     1     1     0   192
    55    59     0     0     0     0     0     0     1     1     1     1     0   193
    52    56     0     0     0     0     0     0     1     1     1     1     0   194
    56    60     0     0     0     0     0     0     1     1     1     1     0   195
    49    54     0     0     0     0     0     0     1     1     1     1     0   196
    50    55     0     0     0     0     0     0     1     1     1     1     0   197
    51    56     0     0     0     0     0     0     1     1     1     1     0   198
    52    53     0     0     0     0     0     0     1     1     1     1     0   199
    54    57     0     0     0     0     0     0     1     1     1     1     0   200
    55    58     0     0     0     0     0     0     1     1     1     1     0   201
    56    59     0     0     0     0     0     0     1     1     1     1     0   202
    53    60     0     0     0     0     0     0     1     1     1     1     0   203
    61    62     0     0     0     0     0     0     1     1     1     1     0   204
    62    63     0     0     0     0     0     0     1     1     1     1     0   205
    63    64     0     0     0     0     0     0     1     1     1     1     0   206
    64    61     0     0     0     0     0     0     1     1     1     1     0   207
    65    66     0     0     0     0     0     0     1     1     1     1     0   208
    66    67     0     0     0     0     0     0     1     1     1     1     0   209
    67    68     0     0     0     0     0     0     1     1     1     1     0   210
    68    65     0     0     0     0     0     0     1     1     1     1     0   211
    69    70     0     0     0     0     0     0     1     1     1     1     0   212
    70    71     0     0     0     0     0     0     1     1     1     1     0   213
    71    72     0     0     0     0     0     0     1     1     1     1     0   214
    72    69     0     0     0     0     0     0     1     1     1     1     0   215
    57    61     0     0     0     0     0     0     1     1     1     1     0   216
    61    65     0     0     0     0     0     0     1     1     1     1     0   217
    58    62     0     0     0     0     0     0     1     1     1     1     0   218
    62    66     0     0     0     0     0     0     1     1     1     1     0   219
    59    63     0     0     0     0     0     0     1     1     1     1     0   220
    63    67     0     0     0     0     0     0     1     1     1     1     0   221
    60    64     0     0     0     0     0     0     1     1     1     1     0   222
    64    68     0     0     0     0     0     0     1     1     1     1     0   223
    57    62     0     0     0     0     0     0     1     1     1     1     0   224
    58    63     0     0     0     0     0     0     1     1     1     1     0   225
    59    64     0     0     0     0     0     0     1     1     1     1     0   226
    60    61     0     0     0     0     0     0     1     1     1     1     0   227
    62    65     0     0     0     0     0     0     1     1     1     1     0   228
    63    66     0     0     0     0     0     0     1     1     1     1     0   229
    64    67     0     0     0     0     0     0     1     1     1     1     0   230
    61    68     0     0     0     0     0     0     1     1     1     1     0   231
    73    74     0     0     0     0     0     0     1     1     1     1     0   232
    74    75     0     0     0     0     0     0     1     1     1     1     0   233
    75    76     0     0     0     0     0     0     1     1     1     1     0   234
    76    73     0     0     0     0     0     0     1     1     1     1     0   235
    77    78     0     0     0     0     0     0     1     1     1     1     0   236
    78    79     0     0     0     0     0     0     1     1     1     1     0   237
    79    80     0     0     0     0     0     0     1     1     1     1     0   238
    80    77     0     0     0     0     0     0     1     1     1     1     0   239
    81    82     0     0     0     0     0     0     1     1     1     1     0   240
    82    83     0     0     0     0     0     0     1     1     1     1     0   241
    83    84     0     0     0     0     0     0     1     1     1     1     0   242
    84    81     0     0     0     0     0     0     1     1     1     1     0   243
    65    69     0     0     0     0     0     0     1     1     1     1     0   244
    69    73     0     0     0     0     0     0     1     1     1     1     0   245
    66    70     0     0     0     0     0     0     1     1     1     1     0   246
    70    74     0     0     0     0     0     0     1     1     1     1     0   247
    67    71     0     0     0     0     0     0     1     1     1     1     0   248
    71    75     0     0     0     0     0     0     1     1     1     1     0   249
    68    72     0     0     0     0     0     0     1     1     1     1     0   250
    72    76     0     0     0     0     0     0     1     1     1     1     0   251
    65    70     0     0     0     0     0     0     1     1     1     1     0   252
    66    71     0     0     0     0     0     0     1     1     1     1     0   253
    67    72     0     0     0     0     0     0     1     1     1     1     0   254
    68    69     0     0     0     0     0     0     1     1     1     1     0   255
    70    73     0     0     0     0     0     0     1     1     1     1     0   256
    71    74     0     0     0     0     0     0     1     1     1     1     0   257
    72    75     0     0     0     0     0     0     1     1     1     1     0   258
    69    76     0     0     0     0     0     0     1     1     1     1     0   259
    73    77     0     0     0     0     0     0     1     1     1     1     0   260
    77    81     0     0     0     0     0     0     1     1     1     1     0   261
    74    78     0     0     0     0     0     0     1     1     1     1     0   262
    78    82     0     0     0     0     0     0     1     1     1     1     0   263
    75    79     0     0     0     0     0     0     1     1     1     1     0   264
    79    83     0     0     0     0     0     0     1     1     1     1     0   265
    76    80     0     0     0     0     0     0     1     1     1     1     0   266
    80    84     0     0     0     0     0     0     1     1     1     1     0   267
    73    78     0     0     0     0     0     0     1     1     1     1     0   268
    74    79     0     0     0     0     0     0     1     1     1     1     0   269
    75    80     0     0     0     0     0     0     1     1     1     1     0   270
    76    77     0     0     0     0     0     0     1     1     1     1     0   271
    78    81     0     0     0     0     0     0     1     1     1     1     0   272
    79    82     0     0     0     0     0     0     1     1     1     1     0   273
    80    83     0     0     0     0     0     0     1     1     1     1     0   274
    77    84     0     0     0     0     0     0     1     1     1     1     0   275
    85    86     0     0     0     0     0     0     1     1     1     1     0   276
    86    87     0     0     0     0     0     0     1     1     1     1     0   277
    87    88     0     0     0     0     0     0     1     1     1     1     0   278
    88    85     0     0     0     0     0     0     1     1     1     1     0   279
    89    90     0     0     0     0     0     0     1     1     1     1     0   280
    90    91     0     0     0     0     0     0     1     1     1     1     0   281
    91    92     0     0     0     0     0     0     1     1     1     1     0   282
    92    89     0     0     0     0     0     0     1     1     1     1     0   283
    93    94     0     0     0     0     0     0     1     1     1     1     0   284
    94    95     0     0     0     0     0     0     1     1     1     1     0   285
    95    96     0     0     0     0     0     0     1     1     1     1     0   286
    96    93     0     0     0     0     0     0     1     1     1     1     0   287
    81    85     0     0     0     0     0     0     1     1     1     1     0   288
    82    86     0     0     0     0     0     0     1     1     1     1     0   289
    83    87     0     0     0     0     0     0     1     1     1     1     0   290
    84    88     0     0     0     0     0     0     1     1     1     1     0   291
    85    89     0     0     0     0     0     0     1     1     1     1     0   292
    86    90     0     0     0     0     0     0     1     1     1     1     0   293
    87    91     0     0     0     0     0     0     1     1     1     1     0   294
    88    92     0     0     0     0     0     0     1     1     1     1     0   295
    89    93     0     0     0     0     0     0     1     1     1     1     0   296
    90    94     0     0     0     0     0     0     1     1     1     1     0   297
    91    95     0     0     0     0     0     0     1     1     1     1     0   298
    92    96     0     0     0     0     0     0     1     1     1     1     0   299
    81    86     0     0     0     0     0     0     1     1     1     1     0   300
    86    89     0     0     0     0     0     0     1     1     1     1     0   301
    89    94     0     0     0     0     0     0     1     1     1     1     0   302
    82    87     0     0     0     0     0     0     1     1     1     1     0   303
    87    90     0     0     0     0     0     0     1     1     1     1     0   304
    90    95     0     0     0     0     0     0     1     1     1     1     0   305
    83    88     0     0     0     0     0     0     1     1     1     1     0   306
    88    91     0     0     0     0     0     0     1     1     1     1     0   307
    91    96     0     0     0     0     0     0     1     1     1     1     0   308
    84    85     0     0     0     0     0     0     1     1     1     1     0   309
    85    92     0     0     0     0     0     0     1     1     1     1     0   310
    92    93     0     0     0     0     0     0     1     1     1     1     0   311
    93    97     0     0     0     0     0     0     1     1     1     1     0   312
    94    97     0     0     0     0     0     0     1     1     1     1     0   313
    95    97     0     0     0     0     0     0     1     1     1     1     0   314
    96    97     0     0     0     0     0     0     1     1     1     1     0   315
    78    98     0     0     0     0     0     0     1     1     1     1     0   316
    98    99     0     0     0     0     0     0     1     1     1     1     0   317
    99    79     0     0     0     0     0     0     1     1     1     1     0   318
    82   100     0     0     0     0     0     0     1     1     1     1     0   319
    83   100     0     0     0     0     0     0     1     1     1     1     0   320
    78   100     0     0     0     0     0     0     1     1     1     1     0   321
    98   100     0     0     0     0     0     0     1     1     1     1     0   322
    99   100     0     0     0     0     0     0     1     1     1     1     0   323
    79   100     0     0     0     0     0     0     1     1     1     1     0   324
    78    99     0     0     0     0     0     0     1     1     1     1     0   325
    98   101     0     0     0     0     0     0     1     1     1     1     0   326
   101   102     0     0     0     0     0     0     1     1     1     1     0   327
   102    99     0     0     0     0     0     0     1     1     1     1     0   328
    98   103     0     0     0     0     0     0     1     1     1     1     0   329
   101   103     0     0     0     0     0     0     1     1     1     1     0   330
   102   103     0     0     0     0     0     0     1     1     1     1     0   331
    99   103     0     0     0     0     0     0     1     1     1     1     0   332
    98   102     0     0     0     0     0     0     1     1     1     1     0   333
   101   104     0     0     0     0     0     0     1     1     1     1     0   334
   104   105     0     0     0     0     0     0     1     1     1     1     0   335
   105   102     0     0     0     0     0     0     1     1     1     1     0   336
   101   106     0     0     0     0     0     0     1     1     1     1     0   337
   104   106     0     0     0     0     0     0     1     1     1     1     0   338
   105   106     0     0     0     0     0     0     1     1     1     1     0   339
   102   106     0     0     0     0     0     0     1     1     1     1     0   340
   101   105     0     0     0     0     0     0     1     1     1     1     0   341
   104   107     0     0     0     0     0     0     1     1     1     1     0   342
   107   108     0     0     0     0     0     0     1     1     1     1     0   343
   108   105     0     0     0     0     0     0     1     1     1     1     0   344
   104   109     0     0     0     0     0     0     1     1     1     1     0   345
   107   109     0     0     0     0     0     0     1     1     1     1     0   346
   108   109     0     0     0     0     0     0     1     1     1     1     0   347
   105   109     0     0     0     0     0     0     1     1     1     1     0   348
   104   108     0     0     0     0     0     0     1     1     1     1     0   349
   107   110     0     0     0     0     0     0     1     1     1     1     0   350
   110   111     0     0     0     0     0     0     1     1     1     1     0   351
   111   108     0     0     0     0     0     0     1     1     1     1     0   352
   107   112     0     0     0     0     0     0     1     1     1     1     0   353
   110   112     0     0     0     0     0     0     1     1     1     1     0   354
   111   112     0     0     0     0     0     0     1     1     1     1     0   355
   108   112     0     0     0     0     0     0     1     1     1     1     0   356
   107   111     0     0     0     0     0     0     1     1     1     1     0   357
   110   113     0     0     0     0     0     0     1     1     1     1     0   358
   113   114     0     0     0     0     0     0     1     1     1     1     0   359
   114   111     0     0     0     0     0     0     1     1     1     1     0   360
   110   115     0     0     0     0     0     0     1     1     1     1     0   361
   113   115     0     0     0     0     0     0     1     1     1     1     0   362
   114   115     0     0     0     0     0     0     1     1     1     1     0   363
   111   115     0     0     0     0     0     0     1     1     1     1     0   364
   110   114     0     0     0     0     0     0     1     1     1     1     0   365
   113   116     0     0     0     0     0     0     1     1     1     1     0   366
   116   117     0     0     0     0     0     0     1     1     1     1     0   367
   117   114     0     0     0     0     0     0     1     1     1     1     0   368
   113   118     0     0     0     0     0     0     1     1     1     1     0   369
   116   118     0     0     0     0     0     0     1     1     1     1     0   370
   117   118     0     0     0     0     0     0     1     1     1     1     0   371
   114   118     0     0     0     0     0     0     1     1     1     1     0   372
   113   117     0     0     0     0     0     0     1     1     1     1     0   373
   116   119     0     0     0     0     0     0     1     1     1     1     0   374
   119   120     0     0     0     0     0     0     1     1     1     1     0   375
   120   117     0     0     0     0     0     0     1     1     1     1     0   376
   116   121     0     0     0     0     0     0     1     1     1     1     0   377
   119   121     0     0     0     0     0     0     1     1     1     1     0   378
   120   121     0     0     0     0     0     0     1     1     1     1     0   379
   117   121     0     0     0     0     0     0     1     1     1     1     0   380
   116   120     0     0     0     0     0     0     1     1     1     1     0   381
   119   122     0     0     0     0     0     0     1     1     1     1     0   382
   122   123     0     0     0     0     0     0     1     1     1     1     0   383
   123   120     0     0     0     0     0     0     1     1     1     1     0   384
   119   124     0     0     0     0     0     0     1     1     1     1     0   385
   122   124     0     0     0     0     0     0     1     1     1     1     0   386
   123   124     0     0     0     0     0     0     1     1     1     1     0   387
   120   124     0     0     0     0     0     0     1     1     1     1     0   388
   119   123     0     0     0     0     0     0     1     1     1     1     0   389
   122   125     0     0     0     0     0     0     1     1     1     1     0   390
   125   126     0     0     0     0     0     0     1     1     1     1     0   391
   126   123     0     0     0     0     0     0     1     1     1     1     0   392
   122   127     0     0     0     0     0     0     1     1     1     1     0   393
   125   127     0     0     0     0     0     0     1     1     1     1     0   394
   126   127     0     0     0     0     0     0     1     1     1     1     0   395
   123   127     0     0     0     0     0     0     1     1     1     1     0   396
   122   126     0     0     0     0     0     0     1     1     1     1     0   397
   125   128     0     0     0     0     0     0     1     1     1     1     0   398
   128   129     0     0     0     0     0     0     1     1     1     1     0   399
   129   126     0     0     0     0     0     0     1     1     1     1     0   400
   125   130     0     0     0     0     0     0     1     1     1     1     0   401
   128   130     0     0     0     0     0     0     1     1     1     1     0   402
   129   130     0     0     0     0     0     0     1     1     1     1     0   403
   126   130     0     0     0     0     0     0     1     1     1     1     0   404
   125   129     0     0     0     0     0     0     1     1     1     1     0   405
   128   131     0     0     0     0     0     0     1     1     1     1     0   406
   131   132     0     0     0     0     0     0     1     1     1     1     0   407
   132   129     0     0     0     0     0     0     1     1     1     1     0   408
   128   133     0     0     0     0     0     0     1     1     1     1     0   409
   131   133     0     0     0     0     0     0     1     1     1     1     0   410
   132   133     0     0     0     0     0     0     1     1     1     1     0   411
   129   133     0     0     0     0     0     0     1     1     1     1     0   412
   128   132     0     0     0     0     0     0     1     1     1     1     0   413
   131   134     0     0     0     0     0     0     1     1     1     1     0   414
   134   135     0     0     0     0     0     0     1     1     1     1     0   415
   135   132     0     0     0     0     0     0     1     1     1     1     0   416
   131   136     0     0     0     0     0     0     1     1     1     1     0   417
   134   136     0     0     0     0     0     0     1     1     1     1     0   418
   135   136     0     0     0     0     0     0     1     1     1     1     0   419
   132   136     0     0     0     0     0     0     1     1     1     1     0   420
   131   135     0     0     0     0     0     0     1     1     1     1     0   421
   134   137     0     0     0     0     0     0     1     1     1     1     0   422
   137   138     0     0     0     0     0     0     1     1     1     1     0   423
   138   135     0     0     0     0     0     0     1     1     1     1     0   424
   134   139     0     0     0     0     0     0     1     1     1     1     0   425
   137   139     0     0     0     0     0     0     1     1     1     1     0   426
   138   139     0     0     0     0     0     0     1     1     1     1     0   427
   135   139     0     0     0     0     0     0     1     1     1     1     0   428
   134   138     0     0     0     0     0     0     1     1     1     1     0   429
   137   140     0     0     0     0     0     0     1     1     1     1     0   430
   140   141     0     0     0     0     0     0     1     1     1     1     0   431
   141   138     0     0     0     0     0     0     1     1     1     1     0   432
   137   142     0     0     0     0     0     0     1     1     1     1     0   433
   140   142     0     0     0     0     0     0     1     1     1     1     0   434
   141   142     0     0     0     0     0     0     1     1     1     1     0   435
   138   142     0     0     0     0     0     0     1     1     1     1     0   436
   137   141     0     0     0     0     0     0     1     1     1     1     0   437
   140   143     0     0     0     0     0     0     1     1     1     1     0   438
   143   144     0     0     0     0     0     0     1     1     1     1     0   439
   144   141     0     0     0     0     0     0     1     1     1     1     0   440
   140   145     0     0     0     0     0     0     1     1     1     1     0   441
   143   145     0     0     0     0     0     0     1     1     1     1     0   442
   144   145     0     0     0     0     0     0     1     1     1     1     0   443
   141   145     0     0     0     0     0     0     1     1     1     1     0   444
   140   144     0     0     0     0     0     0     1     1     1     1     0   445
   143   146     0     0     0     0     0     0     1     1     1     1     0   446
   146   147     0     0     0     0     0     0     1     1     1     1     0   447
   147   144     0     0     0     0     0     0     1     1     1     1     0   448
   143   148     0     0     0     0     0     0     1     1     1     1     0   449
   146   148     0     0     0     0     0     0     1     1     1     1     0   450
   147   148     0     0     0     0     0     0     1     1     1     1     0   451
   144   148     0     0     0     0     0     0     1     1     1     1     0   452
   143   147     0     0     0     0     0     0     1     1     1     1     0   453
   146   149     0     0     0     0     0     0     1     1     1     1     0   454
   149   150     0     0     0     0     0     0     1     1     1     1     0   455
   150   147     0     0     0     0     0     0     1     1     1     1     0   456
   146   151     0     0     0     0     0     0     1     1     1     1     0   457
   149   151     0     0     0     0     0     0     1     1     1     1     0   458
   150   151     0     0     0     0     0     0     1     1     1     1     0   459
   147   151     0     0     0     0     0     0     1     1     1     1     0   460
   146   150     0     0     0     0     0     0     1     1     1     1     0   461
   149   152     0     0     0     0     0     0     1     1     1     1     0   462
   152   153     0     0     0     0     0     0     1     1     1     1     0   463
   153   150     0     0     0     0     0     0     1     1     1     1     0   464
   149   154     0     0     0     0     0     0     1     1     1     1     0   465
   152   154     0     0     0     0     0     0     1     1     1     1     0   466
   153   154     0     0     0     0     0     0     1     1     1     1     0   467
   150   154     0     0     0     0     0     0     1     1     1     1     0   468
   149   153     0     0     0     0     0     0     1     1     1     1     0   469
   152   155     0     0     0     0     0     0     1     1     1     1     0   470
   155   156     0     0     0     0     0     0     1     1     1     1     0   471
   156   153     0     0     0     0     0     0     1     1     1     1     0   472
   152   157     0     0     0     0     0     0     1     1     1     1     0   473
   155   157     0     0     0     0     0     0     1     1     1     1     0   474
   156   157     0     0     0     0     0     0     1     1     1     1     0   475
   153   157     0     0     0     0     0     0     1     1     1     1     0   476
   152   156     0     0     0     0     0     0     1     1     1     1     0   477
   155   158     0     0     0     0     0     0     1     1     1     1     0   478
   158   159     0     0     0     0     0     0     1     1     1     1     0   479
   159   156     0     0     0     0     0     0     1     1     1     1     0   480
   155   160     0     0     0     0     0     0     1     1     1     1     0   481
   158   160     0     0     0     0     0     0     1     1     1     1     0   482
   159   160     0     0     0     0     0     0     1     1     1     1     0   483
   156   160     0     0     0     0     0     0     1     1     1     1     0   484
   155   159     0     0     0     0     0     0     1     1     1     1     0   485
   100   103     0     0     0     0     0     0     1     1     1     1     0   486
   103   106     0     0     0     0     0     0     1     1     1     1     0   487
   106   109     0     0     0     0     0     0     1     1     1     1     0   488
   109   112     0     0     0     0     0     0     1     1     1     1     0   489
   112   115     0     0     0     0     0     0     1     1     1     1     0   490
   115   118     0     0     0     0     0     0     1     1     1     1     0   491
   118   121     0     0     0     0     0     0     1     1     1     1     0   492
   121   124     0     0     0     0     0     0     1     1     1     1     0   493
   124   127     0     0     0     0     0     0     1     1     1     1     0   494
   127   130     0     0     0     0     0     0     1     1     1     1     0   495
   130   133     0     0     0     0     0     0     1     1     1     1     0   496
   133   136     0     0     0     0     0     0     1     1     1     1     0   497
   136   139     0     0     0     0     0     0     1     1     1     1     0   498
   139   142     0     0     0     0     0     0     1     1     1     1     0   499
   142   145     0     0     0     0     0     0     1     1     1     1     0   500
   145   148     0     0     0     0     0     0     1     1     1     1     0   501
   148   151     0     0     0     0     0     0     1     1     1     1     0   502
   151   154     0     0     0     0     0     0     1     1     1     1     0   503
   154   157     0     0     0     0     0     0     1     1     1     1     0   504
   157   160     0     0     0     0     0     0     1     1     1     1     0   505
    77   161     0     0     0     0     0     0     1     1     1     1     0   506
    80   162     0     0     0     0     0     0     1     1     1     1     0   507
   161   162     0     0     0     0     0     0     1     1     1     1     0   508
   163   164     0     0     0     0     0     0     1     1     1     1     0   509
   164   165     0     0     0     0     0     0     1     1     1     1     0   510
   165   166     0     0     0     0     0     0     1     1     1     1     0   511
   166   163     0     0     0     0     0     0     1     1     1     1     0   512
   167   168     0     0     0     0     0     0     1     1     1     1     0   513
   168   169     0     0     0     0     0     0     1     1     1     1     0   514
   169   170     0     0     0     0     0     0     1     1     1     1     0   515
   170   167     0     0     0     0     0     0     1     1     1     1     0   516
   171   172     0     0     0     0     0     0     1     1     1     1     0   517
   172   173     0     0     0     0     0     0     1     1     1     1     0   518
   173   174     0     0     0     0     0     0     1     1     1     1     0   519
   174   171     0     0     0     0     0     0     1     1     1     1     0   520
   175   176     0     0     0     0     0     0     1     1     1     1     0   521
   176   177     0     0     0     0     0     0     1     1     1     1     0   522
   177   178     0     0     0     0     0     0     1     1     1     1     0   523
   178   175     0     0     0     0     0     0     1     1     1     1     0   524
   179   180     0     0     0     0     0     0     1     1     1     1     0   525
   180   181     0     0     0     0     0     0     1     1     1     1     0   526
   181   182     0     0     0     0     0     0     1     1     1     1     0   527
   182   179     0     0     0     0     0     0     1     1     1     1     0   528
   183   184     0     0     0     0     0     0     1     1     1     1     0   529
   184   185     0     0     0     0     0     0     1     1     1     1     0   530
   185   186     0     0     0     0     0     0     1     1     1     1     0   531
   186   183     0     0     0     0     0     0     1     1     1     1     0   532
   187   188     0     0     0     0     0     0     1     1     1     1     0   533
   161   166     0     0     0     0     0     0     1     1     1     1     0   534
   162   165     0     0     0     0     0     0     1     1     1     1     0   535
    77   163     0     0     0     0     0     0     1     1     1     1     0   536
    80   164     0     0     0     0     0     0     1     1     1     1     0   537
   163   167     0     0     0     0     0     0     1     1     1     1     0   538
   164   168     0     0     0     0     0     0     1     1     1     1     0   539
   165   169     0     0     0     0     0     0     1     1     1     1     0   540
   166   170     0     0     0     0     0     0     1     1     1     1     0   541
   167   171     0     0     0     0     0     0     1     1     1     1     0   542
   168   172     0     0     0     0     0     0     1     1     1     1     0   543
   169   173     0     0     0     0     0     0     1     1     1     1     0   544
   170   174     0     0     0     0     0     0     1     1     1     1     0   545
   171   175     0     0     0     0     0     0     1     1     1     1     0   546
   172   176     0     0     0     0     0     0     1     1     1     1     0   547
   173   177     0     0     0     0     0     0     1     1     1     1     0   548
   174   178     0     0     0     0     0     0     1     1     1     1     0   549
   175   179     0     0     0     0     0     0     1     1     1     1     0   550
   176   180     0     0     0     0     0     0     1     1     1     1     0   551
   177   181     0     0     0     0     0     0     1     1     1     1     0   552
   178   182     0     0     0     0     0     0     1     1     1     1     0   553
   179   183     0     0     0     0     0     0     1     1     1     1     0   554
   180   184     0     0     0     0     0     0     1     1     1     1     0   555
   181   185     0     0     0     0     0     0     1     1     1     1     0   556
   182   186     0     0     0     0     0     0     1     1     1     1     0   557
   183   187     0     0     0     0     0     0     1     1     1     1     0   558
   184   188     0     0     0     0     0     0     1     1     1     1     0   559
   161   163     0     0     0     0     0     0     1     1     1     1     0   560
   162   164     0     0     0     0     0     0     1     1     1     1     0   561
   166   167     0     0     0     0     0     0     1     1     1     1     0   562
   165   168     0     0     0     0     0     0     1     1     1     1     0   563
   170   171     0     0     0     0     0     0     1     1     1     1     0   564
   169   172     0     0     0     0     0     0     1     1     1     1     0   565
   174   175     0     0     0     0     0     0     1     1     1     1     0   566
   173   176     0     0     0     0     0     0     1     1     1     1     0   567
   178   179     0     0     0     0     0     0     1     1     1     1     0   568
   177   180     0     0     0     0     0     0     1     1     1     1     0   569
   182   183     0     0     0     0     0     0     1     1     1     1     0   570
   181   184     0     0     0     0     0     0     1     1     1     1     0   571
   186   187     0     0     0     0     0     0     1     1     1     1     0   572
   185   188     0     0     0     0     0     0     1     1     1     1     0   573
    80   163     0     0     0     0     0     0     1     1     1     1     0   574
   164   167     0     0     0     0     0     0     1     1     1     1     0   575
   168   171     0     0     0     0     0     0     1     1     1     1     0   576
   172   175     0     0     0     0     0     0     1     1     1     1     0   577
   176   179     0     0     0     0     0     0     1     1     1     1     0   578
   180   183     0     0     0     0     0     0     1     1     1     1     0   579
   184   187     0     0     0     0     0     0     1     1     1     1     0   580
   162   166     0     0     0     0     0     0     1     1     1     1     0   581
   165   170     0     0     0     0     0     0     1     1     1     1     0   582
   169   174     0     0     0     0     0     0     1     1     1     1     0   583
   173   178     0     0     0     0     0     0     1     1     1     1     0   584
   177   182     0     0     0     0     0     0     1     1     1     1     0   585
   181   186     0     0     0     0     0     0     1     1     1     1     0   586
    97   130     0     0     0     0     0     0     1     1     1     1     0   587
    97   181     0     0     0     0     0     0     1     1     1     1     0   588
    97   182     0     0     0     0     0     0     1     1     1     1     0   589
    81   161     0     0     0     0     0     0     1     1     1     1     0   590
    84   162     0     0     0     0     0     0     1     1     1     1     0   591
