        1
        2  2000.000000000     
        3  2000.000000000       2000.000000000     
        4  0.000000000000       2000.000000000     
        5  0.000000000000       0.000000000000       2000.000000000     
        6  2000.000000000       0.000000000000       2000.000000000     
        7  2000.000000000       2000.000000000       2000.000000000     
        8  0.000000000000       2000.000000000       2000.000000000     
        9  0.000000000000       0.000000000000       4000.000000000     
       10  2000.000000000       0.000000000000       4000.000000000     
       11  2000.000000000       2000.000000000       4000.000000000     
       12  0.000000000000       2000.000000000       4000.000000000     
       13  0.000000000000       0.000000000000       6000.000000000     
       14  2000.000000000       0.000000000000       6000.000000000     
       15  2000.000000000       2000.000000000       6000.000000000     
       16  0.000000000000       2000.000000000       6000.000000000     
       17  0.000000000000       0.000000000000       8000.000000000     
       18  2000.000000000       0.000000000000       8000.000000000     
       19  2000.000000000       2000.000000000       8000.000000000     
       20  0.000000000000       2000.000000000       8000.000000000     
       21  0.000000000000       0.000000000000       10000.00000000     
       22  2000.000000000       0.000000000000       10000.00000000     
       23  2000.000000000       2000.000000000       10000.00000000     
       24  0.000000000000       2000.000000000       10000.00000000     
       25  0.000000000000       0.000000000000       12000.00000000     
       26  2000.000000000       0.000000000000       12000.00000000     
       27  2000.000000000       2000.000000000       12000.00000000     
       28  0.000000000000       2000.000000000       12000.00000000     
       29  0.000000000000       0.000000000000       14000.00000000     
       30  2000.000000000       0.000000000000       14000.00000000     
       31  2000.000000000       2000.000000000       14000.00000000     
       32  0.000000000000       2000.000000000       14000.00000000     
       33  0.000000000000       0.000000000000       16000.00000000     
       34  2000.000000000       0.000000000000       16000.00000000     
       35  2000.000000000       2000.000000000       16000.00000000     
       36  0.000000000000       2000.000000000       16000.00000000     
       37  0.000000000000       0.000000000000       18000.00000000     
       38  2000.000000000       0.000000000000       18000.00000000     
       39  2000.000000000       2000.000000000       18000.00000000     
       40  0.000000000000       2000.000000000       18000.00000000     
       41  0.000000000000       0.000000000000       20000.00000000     
       42  2000.000000000       0.000000000000       20000.00000000     
       43  2000.000000000       2000.000000000       20000.00000000     
       44  0.000000000000       2000.000000000       20000.00000000     
       45  0.000000000000       0.000000000000       22000.00000000     
       46  2000.000000000       0.000000000000       22000.00000000     
       47  2000.000000000       2000.000000000       22000.00000000     
       48  0.000000000000       2000.000000000       22000.00000000     
       49  0.000000000000       0.000000000000       24000.00000000     
       50  2000.000000000       0.000000000000       24000.00000000     
       51  2000.000000000       2000.000000000       24000.00000000     
       52  0.000000000000       2000.000000000       24000.00000000     
       53  0.000000000000       0.000000000000       26000.00000000     
       54  2000.000000000       0.000000000000       26000.00000000     
       55  2000.000000000       2000.000000000       26000.00000000     
       56  0.000000000000       2000.000000000       26000.00000000     
       57  0.000000000000       0.000000000000       28000.00000000     
       58  2000.000000000       0.000000000000       28000.00000000     
       59  2000.000000000       2000.000000000       28000.00000000     
       60  0.000000000000       2000.000000000       28000.00000000     
       61  0.000000000000       0.000000000000       30000.00000000     
       62  2000.000000000       0.000000000000       30000.00000000     
       63  2000.000000000       2000.000000000       30000.00000000     
       64  0.000000000000       2000.000000000       30000.00000000     
       65  0.000000000000       0.000000000000       32000.00000000     
       66  2000.000000000       0.000000000000       32000.00000000     
       67  2000.000000000       2000.000000000       32000.00000000     
       68  0.000000000000       2000.000000000       32000.00000000     
       69  0.000000000000       0.000000000000       34000.00000000     
       70  2000.000000000       0.000000000000       34000.00000000     
       71  2000.000000000       2000.000000000       34000.00000000     
       72  0.000000000000       2000.000000000       34000.00000000     
       73  0.000000000000       0.000000000000       36000.00000000     
       74  2000.000000000       0.000000000000       36000.00000000     
       75  2000.000000000       2000.000000000       36000.00000000     
       76  0.000000000000       2000.000000000       36000.00000000     
       77  0.000000000000       0.000000000000       38000.00000000     
       78  2000.000000000       0.000000000000       38000.00000000     
       79  2000.000000000       2000.000000000       38000.00000000     
       80  0.000000000000       2000.000000000       38000.00000000     
       81  0.000000000000       0.000000000000       40000.00000000     
       82  2000.000000000       0.000000000000       40000.00000000     
       83  2000.000000000       2000.000000000       40000.00000000     
       84  0.000000000000       2000.000000000       40000.00000000     
       85  250.0000000000       250.0000000000       42000.00000000     
       86  1750.000000000       250.0000000000       42000.00000000     
       87  1750.000000000       1750.000000000       42000.00000000     
       88  250.0000000000       1750.000000000       42000.00000000     
       89  500.0000000000       500.0000000000       44000.00000000     
       90  1500.000000000       500.0000000000       44000.00000000     
       91  1500.000000000       1500.000000000       44000.00000000     
       92  500.0000000000       1500.000000000       44000.00000000     
       93  750.0000000000       750.0000000000       46000.00000000     
       94  1250.000000000       750.0000000000       46000.00000000     
       95  1250.000000000       1250.000000000       46000.00000000     
       96  750.0000000000       1250.000000000       46000.00000000     
       97  1000.000000000       1000.000000000       47000.00000000     
       98  4000.000000000       0.000000000000       38000.00000000     
       99  4000.000000000       2000.000000000       38000.00000000     
      100  3000.000000000       1000.000000000       40000.00000000     
      101  6000.000000000       0.000000000000       38000.00000000     
      102  6000.000000000       2000.000000000       38000.00000000     
      103  5000.000000000       1000.000000000       40000.00000000     
      104  8000.000000000       0.000000000000       38000.00000000     
      105  8000.000000000       2000.000000000       38000.00000000     
      106  7000.000000000       1000.000000000       40000.00000000     
      107  10000.00000000       0.000000000000       38000.00000000     
      108  10000.00000000       2000.000000000       38000.00000000     
      109  9000.000000000       1000.000000000       40000.00000000     
      110  12000.00000000       0.000000000000       38000.00000000     
      111  12000.00000000       2000.000000000       38000.00000000     
      112  11000.00000000       1000.000000000       40000.00000000     
      113  14000.00000000       0.000000000000       38000.00000000     
      114  14000.00000000       2000.000000000       38000.00000000     
      115  13000.00000000       1000.000000000       40000.00000000     
      116  16000.00000000       0.000000000000       38000.00000000     
      117  16000.00000000       2000.000000000       38000.00000000     
      118  15000.00000000       1000.000000000       40000.00000000     
      119  18000.00000000       0.000000000000       38000.00000000     
      120  18000.00000000       2000.000000000       38000.00000000     
      121  17000.00000000       1000.000000000       40000.00000000     
      122  20000.00000000       0.000000000000       38000.00000000     
      123  20000.00000000       2000.000000000       38000.00000000     
      124  19000.00000000       1000.000000000       40000.00000000     
      125  22000.00000000       0.000000000000       38000.00000000     
      126  22000.00000000       2000.000000000       38000.00000000     
      127  21000.00000000       1000.000000000       40000.00000000     
      128  24000.00000000       0.000000000000       38000.00000000     
      129  24000.00000000       2000.000000000       38000.00000000     
      130  23000.00000000       1000.000000000       40000.00000000     
      131  26000.00000000       0.000000000000       38000.00000000     
      132  26000.00000000       2000.000000000       38000.00000000     
      133  25000.00000000       1000.000000000       40000.00000000     
      134  28000.00000000       0.000000000000       38000.00000000     
      135  28000.00000000       2000.000000000       38000.00000000     
      136  27000.00000000       1000.000000000       40000.00000000     
      137  30000.00000000       0.000000000000       38000.00000000     
      138  30000.00000000       2000.000000000       38000.00000000     
      139  29000.00000000       1000.000000000       40000.00000000     
      140  32000.00000000       0.000000000000       38000.00000000     
      141  32000.00000000       2000.000000000       38000.00000000     
      142  31000.00000000       1000.000000000       40000.00000000     
      143  34000.00000000       0.000000000000       38000.00000000     
      144  34000.00000000       2000.000000000       38000.00000000     
      145  33000.00000000       1000.000000000       40000.00000000     
      146  36000.00000000       0.000000000000       38000.00000000     
      147  36000.00000000       2000.000000000       38000.00000000     
      148  35000.00000000       1000.000000000       40000.00000000     
      149  38000.00000000       0.000000000000       38000.00000000     
      150  38000.00000000       2000.000000000       38000.00000000     
      151  37000.00000000       1000.000000000       40000.00000000     
      152  40000.00000000       0.000000000000       38000.00000000     
      153  40000.00000000       2000.000000000       38000.00000000     
      154  39000.00000000       1000.000000000       40000.00000000     
      155  42000.00000000       0.000000000000       38000.00000000     
      156  42000.00000000       2000.000000000       38000.00000000     
      157  41000.00000000       1000.000000000       40000.00000000     
      158  44000.00000000       0.000000000000       38000.00000000     
      159  44000.00000000       2000.000000000       38000.00000000     
      160  43000.00000000       1000.000000000       40000.00000000     
      161  -1000.00000000       0.000000000000       40000.00000000     
      162  -1000.00000000       2000.000000000       40000.00000000     
      163  -2000.00000000       0.000000000000       38000.00000000     
      164  -2000.00000000       2000.000000000       38000.00000000     
      165  -3000.00000000       2000.000000000       40000.00000000     
      166  -3000.00000000       0.000000000000       40000.00000000     
      167  -4000.00000000       0.000000000000       38000.00000000     
      168  -4000.00000000       2000.000000000       38000.00000000     
      169  -5000.00000000       2000.000000000       40000.00000000     
      170  -5000.00000000       0.000000000000       40000.00000000     
      171  -6000.00000000       0.000000000000       38000.00000000     
      172  -6000.00000000       2000.000000000       38000.00000000     
      173  -7000.00000000       2000.000000000       40000.00000000     
      174  -7000.00000000       0.000000000000       40000.00000000     
      175  -8000.00000000       0.000000000000       38000.00000000     
      176  -8000.00000000       2000.000000000       38000.00000000     
      177  -9000.00000000       2000.000000000       40000.00000000     
      178  -9000.00000000       0.000000000000       40000.00000000     
      179  -10000.0000000       0.000000000000       38000.00000000     
      180  -10000.0000000       2000.000000000       38000.00000000     
      181  -11000.0000000       2000.000000000       40000.00000000     
      182  -11000.0000000       0.000000000000       40000.00000000     
      183  -12000.0000000       0.000000000000       38000.00000000     
      184  -12000.0000000       2000.000000000       38000.00000000     
      185  -13000.0000000       2000.000000000       40000.00000000     
      186  -13000.0000000       0.000000000000       40000.00000000     
      187  -14000.0000000       0.000000000000       38000.00000000     
      188  -14000.0000000       2000.000000000       38000.00000000     
